# Matrix of coefficients for group interactions for Nannoolal boiling point
#
# A = Alcohols plus hydroperoxide
# B = Phenols
# C = Carboxylic acids plus peroxyacids
# D = Ether
# E = Epoxide
# F = Esters plus PAN
# G = Ketones
# H = Aldehydes
# M = Primary amines
# N = Secondary amines
# P = Nitrile
# Q = Aromatic nitro

      A          B          C          D          E          F          G          H          M          N          P          Q
A  291.7985     0.0000   146.7286   135.3991   226.4980   211.6814    46.3754     0.0000   314.6126   286.9698   306.3979     0.0000
B    0.0000   288.6155 -1477.9671   130.3742     0.0000 -1184.9784     0.0000    43.9722   797.4327     0.0000     0.0000 -1048.1236
C  146.7286 -1477.9671   117.2044   612.8821     0.0000  -183.2986   -55.9871     0.0000     0.0000     0.0000     0.0000     0.0000
D  135.3991   130.3742   612.8821    91.4997   178.7845   322.5671    15.6980    17.0400   124.3549   101.8475   293.5974   963.6518
E  226.4980     0.0000     0.0000   178.7845  1006.3880     0.0000     0.0000   163.5475     0.0000     0.0000     0.0000     0.0000
F  211.6814 -1184.9784  -183.2986   322.5671     0.0000   431.0990    22.5208     0.0000   182.6291   317.0200   517.0677  -205.6165
G   46.3754     0.0000   -55.9871    15.6980     0.0000    22.5208  -303.9653  -391.3690     0.0000  -215.3532  -574.2230 -3628.9026
H    0.0000    43.9722     0.0000    17.0400   163.5475     0.0000  -391.3690   582.1763     0.0000     0.0000     0.0000   140.9644
M  314.6126   797.4327     0.0000   124.3549     0.0000   182.6291     0.0000     0.0000   174.0258   510.3473     0.0000   663.8009
N  286.9698     0.0000     0.0000   101.8475     0.0000   317.0200  -215.3532     0.0000   510.3473   239.8076     0.0000     0.0000
P  306.3979     0.0000     0.0000   293.5974     0.0000   517.0677  -574.2230     0.0000     0.0000     0.0000     0.0000     0.0000
Q    0.0000 -1048.1236     0.0000   963.6518     0.0000  -205.6165 -3628.9026   140.9644   663.8009     0.0000     0.0000    65.1432
