res_file_name = test1_1800(1700)_1859(1759)_report
total_model_time = 3600
update_step = 60
recording_time_step = 60
unmansysprop_update = 0
p_init = 100000.000000
lat = 1.300000
lon = -103.800000
DayOfYear = 324
daytime_start = 36000
light_time = 0
light_status = 1
coag_on = 1
tracked_comp = OH, O3
const_comp = OH
temperature = 299.440000
tempt = 0
rh = 0.900800
rht = 0
wall_on = 0
C0 = 1.141162, 37.576713, 4.132909, 0.917194, 0.559750, 1.119884, 0.592187, 0.041586, 0.122994, 0.027808, 0.132426, 0.025921, 13.351906, 12.285222, 0.766987, 982.466876, 0.000065
Comp0 = C5H8, CH3COCH3, TOLUENE, STYRENE, OXYL, MXYL, PXYL, TM123B, TM124B, TM135B, APINENE, BPINENE, NO2, O3, SO2, CO, OH
Ct = 1.157287, 1.186275, 1.169368, 1.178506, 1.128428, 1.131358, 1.150261, 1.184261, 1.203564, 1.224647, 1.202181; 38.779631, 39.399103, 40.401842, 40.245709, 38.892629, 39.120398, 38.484449, 38.875864, 39.573732, 40.051396, 39.981129; 4.124513, 4.172681, 4.528588, 4.233190, 4.334844, 4.422625, 5.149193, 5.092587, 5.042534, 4.997450, 5.172858; 0.898423, 0.912330, 0.945028, 0.904883, 0.916062, 0.906112, 0.992642, 1.055835, 1.055907, 1.026874, 1.049199; 0.546229, 0.553720, 0.593719, 0.555619, 0.560043, 0.568297, 0.697076, 0.801060, 0.802958, 0.696999, 0.749333; 1.092768, 1.107792, 1.188012, 1.111600, 1.120472, 1.137026, 1.395302, 1.603850, 1.607657, 1.395149, 1.500108; 0.577976, 0.585850, 0.627893, 0.587846, 0.592496, 0.601172, 0.736534, 0.845834, 0.847829, 0.736454, 0.791463; 0.041843, 0.043524, 0.058299, 0.047232, 0.049667, 0.050346, 0.075836, 0.085144, 0.078165, 0.074004, 0.082882; 0.123703, 0.128344, 0.169134, 0.138579, 0.145304, 0.147178, 0.217549, 0.243244, 0.223979, 0.212490, 0.237001; 0.027952, 0.028894, 0.037174, 0.030972, 0.032337, 0.032717, 0.047002, 0.052218, 0.048307, 0.045975, 0.050951; 0.133789, 0.136835, 0.135192, 0.132228, 0.131763, 0.130081, 0.131557, 0.130110, 0.133997, 0.132742, 0.133811; 0.026126, 0.026586, 0.026338, 0.025891, 0.025820, 0.025567, 0.025789, 0.025571, 0.026158, 0.025968, 0.026130
Compt = C5H8, CH3COCH3, TOLUENE, STYRENE, OXYL, MXYL, PXYL, TM123B, TM124B, TM135B, APINENE, BPINENE
injectt = 300, 600, 900, 1200, 1500, 1800, 2100, 2400, 2700, 3000, 3300
number_size_bins = 5
lower_part_size = 0.001000
upper_part_size = 0.790000
space_mode = log
nucv1 = 30000
nucv2 = -4
nucv3 = 100
pcont = 0
pconc = 0.000000, 0.000000, 52.871041, 26.267229, 41.723514
pconct = 0
int_tol = 1.e-7, 1.e-6